X = linsolve(A,B)

X =

   1.0e+03 *

    6.9166
    0.5249
   -0.0016
    0.0041